7896.790 417.833 81.143
7896.790 417.828 81.146
7896.792 417.805 81.159
7896.796 417.747 81.191
7896.799 417.696 81.193
7896.801 417.670 81.194
7896.802 417.648 81.190
7896.806 417.597 81.196
7896.810 417.539 81.210
7896.812 417.510 81.212
7896.813 417.487 81.213
7896.817 417.437 81.191
7896.820 417.380 81.174
7896.822 417.350 81.172
7896.824 417.326 81.170
7896.827 417.280 81.187
7896.831 417.221 81.183
7896.833 417.190 81.182
7896.834 417.169 81.183
7896.837 417.127 81.184
7896.842 417.061 81.182
7896.843 417.039 81.181
7896.844 417.026 81.184
7896.848 416.966 81.189
7896.853 416.899 81.192
7896.854 416.879 81.189
7896.855 416.865 81.186
7896.859 416.806 81.177
7896.863 416.740 81.154
7896.865 416.719 81.149
7896.876 416.549 80.979
7896.887 416.389 80.821
7896.887 416.376 80.820
7896.892 416.310 80.811
7896.896 416.244 80.795
7896.897 416.229 80.792
7896.898 416.216 80.797
7896.902 416.154 80.830
7896.907 416.083 80.813
7896.909 416.059 80.812
7896.913 416.000 80.816
7896.917 415.933 80.828
7896.918 415.918 80.830
7896.939 415.613 81.117
7896.939 415.610 81.120
7896.939 415.609 81.120
7896.944 415.530 81.130
7896.949 415.461 81.140
7896.949 415.460 81.140
7896.949 415.459 81.140
7896.954 415.375 81.155
7896.959 415.300 81.160
7896.960 415.300 81.160
7896.960 415.299 81.160
7896.965 415.215 81.125
7896.970 415.140 81.150
7896.970 415.140 81.150
7896.970 415.140 81.150
7896.976 415.060 81.135
7896.981 414.979 81.125
7896.982 414.969 81.121
7896.982 414.962 81.114
7896.986 414.900 81.065
7896.991 414.829 81.038
7896.992 414.809 81.029
7896.993 414.791 81.025
7896.997 414.734 81.010
7897.002 414.668 81.002
7897.003 414.648 81.000
7897.004 414.632 80.998
7897.008 414.570 80.973
7897.012 414.515 80.942
7897.014 414.487 80.923
7897.016 414.459 80.903
7897.020 414.400 80.866
7897.023 414.353 80.835
7897.025 414.318 80.810
7897.028 414.279 80.792
7897.031 414.233 80.764
7897.034 414.191 80.731
7897.037 414.147 80.690
7897.040 414.098 80.661
7897.042 414.060 80.638
7897.044 414.029 80.613
7897.048 413.973 80.570
7897.052 413.918 80.515
7897.054 413.892 80.493
7897.056 413.864 80.467
7897.060 413.796 80.410
7897.065 413.726 80.355
7897.065 413.720 80.351
7897.066 413.714 80.347
7897.072 413.625 80.301
7897.077 413.543 80.232
7897.077 413.540 80.230
7897.077 413.536 80.229
7897.084 413.445 80.190
7897.088 413.379 80.139
7897.089 413.368 80.128
7897.090 413.355 80.118
7897.095 413.274 80.042
7897.100 413.200 79.972
7897.101 413.177 79.938
7897.104 413.147 79.881
7897.108 413.083 79.732
7897.111 413.034 79.699
7897.114 412.988 79.672
7897.117 412.952 79.674
7897.122 412.873 79.753
7897.127 412.802 79.829
7897.128 412.775 79.834
7897.129 412.766 79.846
7897.139 412.620 79.929
7897.147 412.495 79.993
7897.180 412.002 80.068
7897.183 411.953 80.068
7897.193 411.813 80.045
7897.197 411.751 80.042
7897.201 411.683 80.026
7897.205 411.630 80.000
7897.214 411.499 79.945
7897.230 411.255 80.024
7897.234 411.194 80.059
7897.245 411.026 80.085
7897.248 410.986 80.079
7897.251 410.944 80.090
7897.259 410.825 80.127
7897.267 410.702 80.092
7897.277 410.561 80.016
7897.280 410.509 80.016
7897.288 410.390 79.967
7897.295 410.291 79.924
7897.296 410.265 79.928
7897.310 410.063 80.036
7897.315 409.991 80.061
7897.315 409.979 80.061
7897.319 409.927 80.051
7897.335 409.691 79.979
7897.341 409.592 79.973
7897.349 409.474 79.913
7897.350 409.464 79.911
7897.352 409.433 79.910
7897.374 409.111 79.936
7897.386 408.921 79.914
7897.396 408.782 79.934
7897.406 408.626 79.982
7897.410 408.565 79.972
7897.429 408.289 79.936
7897.433 408.216 79.952
7897.438 408.141 79.942
7897.444 408.065 79.940
7897.473 407.629 79.907
7897.479 407.533 79.878
7897.505 407.143 79.803
7897.508 407.102 79.814
7897.515 406.998 79.832
7897.519 406.940 79.890
7897.520 406.917 79.901
7897.524 406.865 79.885
7897.536 406.680 79.899
7897.549 406.486 79.946
7897.558 406.361 79.941
7897.560 406.318 79.929
7897.564 406.259 79.931
7897.595 405.799 79.951
7897.597 405.768 79.943
7897.600 405.730 79.952
7897.628 405.304 79.941
7897.632 405.253 79.934
7897.634 405.217 79.939
7897.636 405.194 79.940
7897.654 404.922 79.924
7897.679 404.549 79.880
7897.686 404.441 79.875
7897.690 404.387 79.864
7897.701 404.214 79.886
7897.715 404.010 79.910
7897.731 403.763 79.880
7897.738 403.661 79.865
7897.748 403.507 79.837
7897.764 403.267 79.849
7897.774 403.130 79.817
7897.787 402.935 79.833
7897.811 402.568 79.859
7897.820 402.437 79.850
7897.823 402.398 79.837
7897.842 402.102 79.835
7897.862 401.807 79.881
7897.866 401.755 79.915
7897.876 401.606 79.839
7897.883 401.490 79.806
7897.889 401.401 79.830
7897.889 401.400 79.830
7897.894 401.329 79.858
7897.901 401.231 79.870
7897.901 401.230 79.870
7897.901 401.229 79.870
7897.911 401.072 79.890
7897.911 401.070 79.890
7897.912 401.068 79.890
7897.918 400.980 79.890
7897.924 400.887 79.881
7897.925 400.875 79.882
7897.930 400.795 79.895
7897.936 400.705 79.872
7897.936 400.700 79.871
7897.937 400.696 79.871
7897.943 400.592 79.830
7897.949 400.507 79.795
7897.951 400.483 79.783
7897.952 400.462 79.777
7897.957 400.384 79.745
7897.963 400.306 79.713
7897.966 400.249 79.704
7897.971 400.178 79.692
7897.977 400.086 79.612
7897.981 400.036 79.566
7897.983 400.003 79.559
7897.987 399.938 79.523
7897.992 399.872 79.477
7897.996 399.808 79.438
7897.999 399.759 79.411
7898.007 399.650 79.336
7898.012 399.560 79.255
7898.018 399.480 79.210
7898.020 399.452 79.196
7898.022 399.423 79.175
7898.029 399.315 79.106
7898.035 399.216 79.038
7898.036 399.209 79.038
7898.036 399.204 79.040
7898.048 399.022 79.031
7898.049 399.008 79.024
7898.050 399.000 79.027
7898.056 398.916 79.017
7898.061 398.832 79.020
7898.061 398.830 79.019
7898.073 398.653 79.047
7898.073 398.649 79.047
7898.074 398.645 79.046
7898.082 398.524 78.995
7898.088 398.437 78.994
7898.096 398.318 78.959
7898.100 398.250 78.980
7898.100 398.250 78.980
7898.100 398.250 78.980
7898.109 398.120 78.926
7898.116 398.012 78.909
7898.122 397.926 78.922
7898.126 397.861 78.938
7898.128 397.839 78.939
7898.139 397.670 78.964
7898.140 397.651 78.967
7898.146 397.570 78.963
7898.153 397.463 78.946
7898.159 397.375 78.967
7898.164 397.293 78.956
7898.166 397.266 78.961
7898.172 397.173 78.951
7898.180 397.056 78.927
7898.188 396.932 78.980
7898.199 396.778 78.930
7898.202 396.723 78.943
7898.206 396.670 78.941
7898.212 396.582 78.930
7898.215 396.530 78.940
7898.218 396.481 78.935
7898.228 396.340 78.950
7898.231 396.291 78.962
7898.240 396.154 78.968
7898.244 396.096 78.957
7898.250 396.010 78.934
7898.254 395.949 78.943
7898.259 395.882 78.943
7898.263 395.810 78.936
7898.267 395.756 78.950
7898.280 395.566 78.944
7898.285 395.489 78.940
7898.290 395.417 78.937
7898.293 395.372 78.953
7898.298 395.299 78.953
7898.303 395.217 78.933
7898.306 395.168 78.940
7898.325 394.893 78.936
7898.329 394.823 78.921
7898.333 394.774 78.930
7898.339 394.685 78.925
7898.346 394.579 78.920
7898.352 394.487 78.944
7898.359 394.387 78.954
7898.365 394.286 78.935
7898.370 394.215 78.909
7898.373 394.177 78.911
7898.379 394.079 78.926
7898.385 393.985 78.940
7898.392 393.882 78.941
7898.399 393.786 78.933
7898.407 393.671 78.930
7898.410 393.615 78.912
7898.412 393.584 78.923
7898.421 393.457 78.904
7898.426 393.374 78.899
7898.434 393.254 78.919
7898.438 393.206 78.912
7898.440 393.177 78.918
7898.445 393.094 78.888
7898.450 393.026 78.873
7898.453 392.981 78.858
7898.455 392.946 78.842
7898.461 392.851 78.818
7898.466 392.774 78.809
7898.468 392.747 78.818
7898.470 392.720 78.808
7898.481 392.563 78.796
7898.482 392.540 78.803
7898.484 392.519 78.797
7898.494 392.357 78.795
7898.496 392.333 78.810
7898.498 392.304 78.791
7898.503 392.224 78.797
7898.509 392.131 78.762
7898.510 392.116 78.777
7898.512 392.088 78.760
7898.523 391.931 78.771
7898.525 391.905 78.775
7898.530 391.818 78.809
7898.538 391.709 78.767
7898.538 391.704 78.775
7898.539 391.691 78.767
7898.546 391.592 78.776
7898.553 391.475 78.730
7898.554 391.468 78.733
7898.564 391.318 78.807
7898.565 391.304 78.816
7898.566 391.288 78.810
7898.571 391.207 78.840
7898.582 391.053 78.741
7898.582 391.051 78.742
7898.582 391.049 78.742
7898.587 390.974 78.733
7898.596 390.834 78.723
7898.597 390.828 78.724
7898.607 390.668 78.705
7898.611 390.613 78.701
7898.611 390.610 78.702
7898.613 390.582 78.706
7898.623 390.435 78.744
7898.624 390.424 78.745
7898.638 390.212 78.742
7898.638 390.209 78.742
7898.647 390.071 78.777
7898.651 390.022 78.791
7898.651 390.020 78.791
7898.651 390.020 78.790
7898.656 389.935 78.835
7898.667 389.775 78.716
7898.668 389.764 78.712
7898.669 389.746 78.702
7898.680 389.575 78.738
7898.682 389.555 78.736
7898.692 389.409 78.837
7898.693 389.394 78.844
7898.699 389.299 78.859
7898.706 389.201 78.871
7898.710 389.135 78.870
7898.714 389.070 78.881
7898.726 388.889 78.767
7898.734 388.769 78.763
7898.738 388.709 78.782
7898.750 388.542 78.790
7898.755 388.460 78.824
7898.759 388.405 78.872
7898.779 388.103 78.893
7898.783 388.046 78.932
7898.790 387.942 78.987
7898.793 387.897 79.022
7898.804 387.725 79.167
7898.823 387.449 79.204
7898.823 387.445 79.204
7898.823 387.443 79.202
7898.823 387.440 79.204
7898.835 387.262 79.285
7898.835 387.260 79.287
7898.837 387.240 79.286
7898.860 386.896 79.217
7898.866 386.802 79.268
7898.878 386.624 79.309
7898.880 386.595 79.315
7898.881 386.579 79.311
7898.889 386.451 79.277
7898.896 386.355 79.256
7898.897 386.344 79.256
7898.907 386.194 79.350
7898.909 386.163 79.349
7898.917 386.039 79.330
7898.925 385.927 79.296
7898.925 385.916 79.299
7898.942 385.664 79.226
7898.950 385.546 79.216
7898.956 385.464 79.211
7898.972 385.222 79.249
7898.973 385.199 79.259
7898.986 385.002 79.260
7898.989 384.963 79.253
7898.991 384.930 79.259
7898.997 384.837 79.251
7899.006 384.704 79.147
7899.010 384.649 79.113
7899.012 384.616 79.111
7899.031 384.329 79.293
7899.033 384.301 79.293
7899.045 384.125 79.335
7899.046 384.112 79.333
7899.050 384.057 79.352
7899.056 383.960 79.340
7899.069 383.771 79.283
7899.079 383.624 79.284
7899.082 383.580 79.280
7899.084 383.547 79.302
7899.093 383.416 79.328
7899.095 383.374 79.329
7899.099 383.315 79.328
7899.108 383.183 79.340
7899.111 383.138 79.324
7899.120 383.009 79.234
7899.124 382.942 79.171
7899.140 382.710 79.172
7899.145 382.632 79.174
7899.148 382.586 79.151
7899.163 382.359 79.131
7899.178 382.139 79.224
7899.182 382.077 79.206
7899.186 382.018 79.228
7899.190 381.958 79.218
7899.199 381.828 79.240
7899.208 381.695 79.264
7899.219 381.528 79.244
7899.222 381.474 79.226
7899.223 381.463 79.223
7899.266 380.829 79.012
7899.266 380.822 79.008
7899.266 380.819 79.009
7899.267 380.806 79.012
7899.269 380.780 79.016
7899.291 380.448 79.080
7899.299 380.322 79.051
7899.307 380.207 79.086
7899.318 380.043 79.049
7899.326 379.930 79.012
7899.335 379.790 79.026
7899.340 379.717 79.043
7899.349 379.584 79.088
7899.354 379.505 79.078
7899.360 379.422 79.140
7899.367 379.311 79.173
7899.378 379.148 79.143
7899.379 379.136 79.143
7899.384 379.063 79.175
7899.398 378.853 79.111
7899.398 378.850 79.110
7899.398 378.843 79.111
7899.415 378.599 79.097
7899.427 378.412 79.174
7899.447 378.119 79.150
7899.447 378.111 79.150
7899.448 378.105 79.149
7899.463 377.874 79.118
7899.471 377.752 79.140
7899.486 377.537 79.215
7899.497 377.368 79.203
7899.498 377.351 79.209
7899.504 377.259 79.216
7899.514 377.114 79.186
7899.528 376.913 79.307
7899.529 376.887 79.303
7899.546 376.642 79.276
7899.546 376.632 79.274
7899.548 376.611 79.281
7899.554 376.511 79.286
7899.561 376.408 79.327
7899.562 376.392 79.328
7899.577 376.180 79.392
7899.578 376.154 79.391
7899.589 376.001 79.326
7899.596 375.893 79.374
7899.597 375.881 79.372
7899.598 375.861 79.379
7899.605 375.756 79.358
7899.613 375.631 79.354
7899.615 375.607 79.345
7899.616 375.584 79.352
7899.618 375.555 79.340
7899.626 375.448 79.325
7899.638 375.267 79.313
7899.645 375.164 79.297
7899.648 375.115 79.292
7899.652 375.061 79.316
7899.662 374.909 79.347
7899.669 374.805 79.337
7899.682 374.607 79.317
7899.689 374.497 79.300
7899.696 374.400 79.256
7899.704 374.270 79.260
7899.711 374.178 79.218
7899.721 374.020 79.096
7899.726 373.945 79.054
7899.731 373.874 79.051
7899.737 373.777 79.098
7899.741 373.727 79.198
7899.747 373.632 79.264
7899.755 373.520 79.283
7899.764 373.374 79.294
7899.773 373.244 79.303
7899.777 373.191 79.319
7899.781 373.119 79.336
7899.783 373.091 79.340
7899.789 373.010 79.358
7899.800 372.845 79.335
7899.809 372.712 79.297
7899.810 372.691 79.299
7899.815 372.620 79.256
7899.820 372.538 79.236
7899.824 372.488 79.250
7899.831 372.381 79.297
7899.835 372.317 79.326
7899.845 372.171 79.277
7899.849 372.107 79.259
7899.856 372.011 79.238
7899.863 371.897 79.237
7899.867 371.837 79.224
7899.882 371.609 79.196
7899.891 371.487 79.223
7899.894 371.441 79.241
7899.900 371.350 79.345
7899.908 371.226 79.366
7899.911 371.188 79.368
7899.914 371.133 79.366
7899.919 371.070 79.364
7899.925 370.969 79.380
7899.931 370.884 79.376
7899.937 370.790 79.374
7899.943 370.701 79.376
7899.950 370.594 79.333
7899.953 370.561 79.320
7899.955 370.529 79.302
7899.972 370.274 79.351
7899.974 370.244 79.372
7899.977 370.198 79.393
7899.989 370.016 79.372
7899.991 369.989 79.372
7899.993 369.953 79.372
7899.999 369.869 79.361
7900.010 369.709 79.364
7900.012 369.675 79.358
7900.014 369.646 79.360
7900.023 369.515 79.312
7900.034 369.344 79.315
7900.039 369.263 79.287
7900.063 368.913 79.211
7900.063 368.911 79.211
7900.063 368.905 79.208
7900.074 368.749 79.136
7900.088 368.539 78.899
7900.091 368.496 78.860
7900.091 368.487 78.856
7900.107 368.245 78.716
7900.121 368.045 78.632
7900.122 368.030 78.630
7900.124 368.000 78.618
7900.126 367.971 78.613
